"","HB31","HB1","HB55","HB52","HB11","HB10","HB50","HB51","HB16","HB46","HB17","HB21","HB45","HB19","HB15","HB18","HB44","HB22","HB39","HB42","HB35","HB3","HB53","HB32","HB23","HB24","HB56","HB40","HB20","HB4","HB49","HB13","HB54","HB37","HB29","HB43","HB41","HB12","HB25","HB28","HB47","HB38","HB26","HB30","HB34","HB27","HB36","HB14","HB33","HB2","HB5","HB77","HC21","HC2","HB60","HB61","HC19","HB62","HC17","HB57","HC16","HC14","HB64","HB65","HC11","HC10","HC9","HB68","HC8","HB71","HC7","HB75","HB73","HC1","HB69","HB74","HB66","HB70","HB80","HB76","HC22","HC6","HB7","HB58","HC4","HC13","HC20","HB59","HC18","HB81","HB63","HB72","HB78","HC15","HC12","HC5","HB8","HB67","HB9","HB79","MET3","MET15","MET19","MET9","MET7","MET16","MET5","MET4","MET1","MET20","MET6","MET21","MET17","MET18","MET11","MET13","MET2","MET8","MET10","MET12","MET14"
"hsa_let_7b_5p",4355,8113,3721,4033,3315,2454,624,2717,4318,1298,7441,1900,2942,7025,1942,2085,1285,4128,2204,3348,5755,36142,7403,2453,3894,10223,5207,1340,6217,3814,1810,37791,11108,5874,2459,1043,1872,3838,1588,3840,7063,852,3535,4046,2383,7398,2308,3055,3208,7262,8027,2447,5792,3794,2718,2884,4358,2572,4274,4930,3675,3458,6903,2545,2474,4671,4126,30587,2690,12453,4261,15022,11114,2631,2569,3437,3541,1482,8018,1571,3130,2224,33413,2584,4435,2490,6682,1537,4943,3665,13688,11311,3829,5926,6011,5353,2321,3107,7297,1244,2243,398,4961,2929,2708,4051,1921,1742,2599,2759,3215,10333,3620,3017,2265,12378,9326,1859,2501,3556,1643
"hsa_miR_1_3p",0,0,11,0,0,0,0,55,0,11,0,26,13,28,25,12,23,0,14,12,12,0,10,11,16,22,22,21,15,0,15,14,12,15,37,0,10,0,11,0,0,12,16,14,28,11,17,19,0,0,380,0,0,0,36,0,0,11,0,12,0,21,3209,0,0,11,0,15,13,15,0,12,14,0,11,0,14,23,0,0,0,18,0,0,0,0,14,12,0,19,25,0,0,0,10,62,480,13,12,0,13,0,10,36,0,0,0,0,0,0,16,0,0,0,12,0,33,18,19,0,0
"hsa_miR_101_3p",232,240,191,128,51,46,49,137,137,49,232,104,118,446,73,99,55,154,97,70,294,491,293,75,116,245,222,34,387,99,51,585,508,248,110,36,82,66,74,186,239,43,177,145,92,367,87,86,152,229,111,170,256,90,122,156,298,142,101,186,149,154,174,60,71,134,75,1418,130,379,158,628,464,117,155,135,284,39,374,66,190,111,711,97,113,132,334,76,104,255,528,799,209,196,186,298,86,235,479,59,127,14,248,130,127,136,257,58,92,336,450,919,296,162,221,265,746,107,188,158,221
"hsa_miR_1246",14,24,13,11,51,14,0,0,0,11,0,21,23,18,15,10,11,0,14,0,0,0,0,0,28,22,18,12,205,22,16,12,0,40,30,0,0,0,26,23,26,0,21,20,12,10,13,36,0,0,0,38,35,17,14,14,0,0,0,16,33,28,14,0,13,0,0,15,10,0,18,21,74,12,30,11,0,17,0,13,0,0,24,75,0,16,29,0,0,13,51,15,0,14,65,10,20,89,16,0,20,0,44,73,0,10,28,0,43,31,34,27,44,28,26,77,18,111,53,0,65
"hsa_miR_128_3p",25,31,14,0,0,12,0,0,12,0,20,12,16,37,15,11,0,18,0,0,22,68,24,0,14,91,52,14,21,16,0,83,34,31,0,0,12,15,0,0,12,0,20,21,0,41,0,13,0,20,31,22,31,14,11,17,24,15,14,18,19,26,22,0,21,29,0,87,14,15,18,58,35,16,14,36,11,13,56,18,20,15,33,16,12,13,28,0,14,67,26,141,55,30,24,44,0,25,40,0,13,0,65,16,38,49,13,12,10,44,39,100,22,17,20,82,563,0,25,14,25
"hsa_miR_1307_3p",25,15,15,16,14,10,12,0,0,0,30,11,19,0,10,0,10,15,14,24,16,43,25,0,0,32,29,0,0,0,0,69,10,25,0,0,0,0,0,25,13,10,26,32,16,36,15,12,0,25,31,25,42,16,0,0,40,0,23,14,10,13,37,0,20,46,23,123,27,23,20,35,43,13,26,72,17,12,52,18,16,33,108,22,14,29,37,0,37,96,41,92,44,36,21,50,0,25,25,12,14,33,77,20,14,88,54,14,0,33,69,60,13,20,42,25,693,0,76,24,27
"hsa_miR_140_3p",117,62,33,33,12,21,11,41,49,16,75,28,39,102,27,43,14,57,30,26,69,204,90,21,58,148,109,24,65,19,14,159,138,66,30,15,22,32,32,66,69,15,39,66,56,130,43,35,45,80,51,41,98,30,63,32,91,44,68,43,34,58,92,45,34,112,78,454,73,88,56,121,107,34,44,57,71,18,173,35,67,80,161,45,24,86,89,32,51,132,158,251,53,96,48,96,25,71,84,30,20,0,161,49,28,70,100,33,21,112,157,284,85,60,69,122,1357,35,95,92,72
"hsa_miR_142_3p",1343,1266,857,2042,511,524,316,690,815,370,1470,559,1277,1689,487,658,782,731,600,870,1408,2790,2144,680,1060,2192,1596,398,1358,497,336,4274,1917,904,956,248,360,805,618,1850,1228,379,1901,2334,706,3142,930,715,691,1355,866,599,2075,626,716,940,1107,977,1122,1009,1195,792,1611,436,770,1112,503,3457,761,2615,870,2361,2858,662,546,651,1649,451,4000,411,1357,680,3199,1143,763,1011,2665,641,698,494,4182,6119,738,1422,1357,1418,556,1504,2775,357,913,114,3332,1246,923,2116,1765,540,690,2210,2489,6391,2067,1367,2059,2125,15911,845,2752,1405,1193
"hsa_miR_143_3p",491,69,62,295,58,68,46,86,72,42,186,65,227,133,47,49,128,54,96,84,124,258,209,41,82,723,272,51,77,33,40,185,82,84,115,53,50,238,65,88,156,55,161,708,71,401,104,103,102,102,205,58,141,53,89,90,107,96,90,85,63,114,243,44,90,58,44,596,88,582,108,288,290,41,174,158,159,92,961,50,136,95,369,255,67,119,146,126,120,190,415,1215,163,119,136,165,66,163,168,40,97,13,347,139,109,202,315,56,64,263,209,330,255,87,348,239,556,108,261,108,81
"hsa_miR_144_3p",31,63,43,0,15,0,0,28,23,0,45,25,23,116,13,16,0,30,10,22,58,116,40,0,31,53,19,0,98,11,11,137,75,24,11,12,18,13,32,25,50,0,22,21,20,66,21,17,17,35,14,24,38,11,14,18,51,18,15,38,36,18,15,14,0,10,0,332,16,33,33,105,91,11,0,0,44,0,43,0,44,16,169,20,29,22,47,17,16,0,32,382,11,45,31,40,22,41,88,0,16,0,47,18,11,16,37,21,21,59,67,180,33,21,20,78,15,0,11,24,65
"hsa_miR_146b_5p",26,25,0,20,20,12,0,24,0,0,43,0,16,43,0,13,12,11,0,0,15,33,24,0,21,29,17,0,12,0,0,33,0,26,25,0,12,0,0,52,25,0,33,13,15,48,11,0,0,18,24,21,64,21,0,23,32,16,14,32,48,22,27,0,30,49,25,64,21,48,32,16,45,18,14,42,22,19,37,11,58,29,32,15,26,34,78,0,13,45,80,60,21,66,51,33,16,37,28,18,28,0,172,33,19,58,37,31,0,63,120,313,90,55,41,15,622,29,121,51,38
"hsa_miR_148a_3p",673,546,163,337,130,95,99,120,122,53,272,113,150,249,99,106,107,142,240,89,232,650,475,86,115,1492,519,127,245,55,63,517,347,333,155,52,224,336,92,136,311,209,143,831,103,255,82,113,324,237,229,122,277,140,101,146,170,156,180,190,172,117,393,122,130,314,150,1334,133,723,172,604,397,107,232,605,252,95,1013,183,106,133,1004,241,117,141,217,196,254,401,1128,1615,345,188,149,258,95,192,298,59,116,20,270,79,142,202,303,213,65,178,204,320,111,89,177,477,2228,75,248,167,142
"hsa_miR_185_5p",459,185,128,93,38,39,33,83,100,28,132,93,41,320,46,67,34,122,77,86,177,489,126,41,82,166,143,43,259,77,56,449,312,127,212,41,44,42,100,86,219,35,119,352,60,354,65,71,105,153,104,124,160,46,47,54,119,47,114,131,107,93,134,78,51,216,131,3124,128,157,116,228,237,45,69,125,129,36,185,36,59,72,1127,62,82,123,170,52,90,160,355,503,158,180,83,162,41,176,206,32,94,33,463,70,55,132,176,55,47,150,228,323,118,66,174,546,1553,52,265,122,161
"hsa_miR_191_5p",395,320,151,284,110,89,10,122,156,68,350,104,203,302,92,99,68,197,49,63,276,760,266,81,199,490,446,82,315,87,56,706,377,133,157,48,51,120,95,215,198,31,281,189,120,774,109,123,133,247,266,132,324,122,119,97,257,116,254,197,178,135,332,113,114,267,159,751,170,328,147,334,426,103,89,187,232,49,1117,78,258,121,607,198,112,139,326,68,166,173,568,1523,194,306,215,225,74,258,300,65,151,30,1212,179,224,386,227,112,80,411,392,986,319,187,265,436,6426,123,356,251,164
"hsa_miR_192_5p",164,366,36,97,63,24,30,72,30,14,68,43,41,102,27,58,24,32,170,38,56,129,39,12,50,79,79,39,173,20,13,91,121,40,23,15,102,14,24,54,70,81,46,29,35,78,12,46,29,77,40,32,106,17,18,21,56,32,76,48,79,30,43,37,14,26,23,170,44,47,39,102,96,24,12,36,64,11,98,17,62,17,126,112,41,35,85,32,38,23,77,135,47,60,37,57,21,59,131,10,42,0,190,54,106,26,85,144,38,84,89,245,57,38,61,78,107,34,74,54,34
"hsa_miR_196b_5p",17,14,16,27,0,0,0,0,22,0,38,0,0,30,10,0,0,12,10,23,26,76,37,16,27,37,24,0,24,0,0,173,52,36,26,0,0,0,10,13,31,19,22,32,14,25,10,15,20,16,40,0,19,10,0,0,17,23,22,18,0,11,42,12,0,19,11,282,13,64,23,37,16,11,24,19,23,12,31,11,0,0,488,10,0,14,22,15,16,22,91,51,27,27,16,24,15,14,56,0,0,0,16,0,10,15,38,0,0,15,24,27,0,0,12,76,97,0,25,0,27
"hsa_miR_205_5p",20,28,23,0,78,0,0,23,0,13,14,55,20,53,0,40,26,0,0,0,10,16,10,0,32,32,19,34,84,20,10,33,0,78,24,29,10,0,78,25,15,0,19,0,20,15,13,32,0,22,10,135,97,22,20,23,44,0,0,103,42,59,18,0,11,30,12,11,33,13,35,19,121,0,22,12,11,26,37,0,31,21,20,59,0,49,56,0,37,22,56,51,12,43,210,20,45,44,44,0,15,0,127,124,17,40,40,13,0,65,42,59,55,38,86,88,43,359,26,21,189
"hsa_miR_223_3p",908,309,149,805,255,228,136,152,317,168,813,272,919,377,219,262,500,200,192,142,409,785,633,110,434,1597,1603,230,524,174,128,529,317,169,414,118,160,616,367,497,315,169,870,996,232,2113,381,326,276,556,508,288,807,235,341,176,399,345,309,290,361,219,511,108,256,478,197,1213,321,768,321,555,1082,211,247,350,398,159,6745,204,830,328,450,735,261,328,866,317,349,700,1054,8156,734,717,436,829,134,527,702,190,522,54,4439,538,909,847,2163,364,360,2726,753,1915,1527,364,1429,1397,7596,337,1047,606,607
"hsa_miR_26a_5p",549,871,353,372,299,276,66,318,491,163,816,281,541,758,276,439,156,465,208,150,579,1552,686,178,513,846,608,241,751,281,176,1363,975,449,300,134,202,227,181,809,570,102,600,366,276,1029,343,334,266,593,509,408,1361,350,331,281,976,347,723,606,715,627,568,239,366,557,309,1317,440,761,627,729,991,452,248,510,373,208,1589,235,1011,353,1318,363,479,480,1578,161,539,489,1085,2436,530,1251,970,920,292,590,769,215,484,68,3266,739,552,945,556,392,371,1286,1175,4881,1438,859,620,936,7821,502,694,895,650
"hsa_miR_27a_3p",21,27,10,17,15,0,0,12,0,0,15,12,22,20,0,11,11,14,13,11,13,13,18,0,0,99,23,0,18,12,0,27,15,19,14,0,0,28,11,21,11,0,11,20,0,12,14,0,18,26,12,17,36,18,0,0,43,0,21,15,12,36,23,0,0,30,10,25,23,19,31,15,19,14,11,22,12,0,68,0,35,13,19,11,25,15,37,0,30,30,29,199,12,41,40,38,0,31,16,11,0,0,107,35,22,34,38,10,22,70,52,215,73,33,27,26,188,25,23,35,50
"hsa_miR_29c_3p",23,62,20,16,29,15,0,15,34,16,36,15,31,45,18,33,0,31,22,19,51,124,32,0,18,107,47,11,50,20,0,96,86,25,31,14,13,18,0,41,52,0,35,26,24,64,18,26,21,46,49,28,74,29,16,17,68,0,52,31,67,69,21,0,16,41,35,203,40,66,58,54,82,54,22,42,47,22,118,26,67,41,175,22,28,43,99,26,51,70,68,249,40,77,67,90,23,38,42,18,14,0,116,54,27,39,55,28,18,97,105,253,117,57,58,72,340,22,37,63,71
"hsa_miR_320a",285,114,89,94,70,42,38,55,81,45,133,65,76,212,73,65,68,91,103,121,99,284,121,53,121,235,121,46,128,42,43,561,172,178,173,37,77,36,69,92,211,48,114,259,68,201,40,98,64,97,191,103,248,64,79,49,127,61,85,91,93,127,99,65,56,189,129,2114,68,120,142,425,294,47,75,326,75,42,192,95,84,82,1877,73,69,203,230,50,120,229,226,725,385,201,143,164,54,125,132,33,94,107,605,83,70,212,273,123,47,228,178,535,123,115,190,443,1502,74,330,147,237
"hsa_miR_320b",33,21,14,15,29,0,0,10,14,0,0,0,0,29,10,0,13,0,17,23,11,31,13,12,10,23,10,0,22,13,0,61,13,29,17,0,12,0,19,13,52,0,13,21,15,14,0,21,14,20,26,41,33,13,10,12,15,0,0,15,15,34,15,0,0,25,0,218,11,11,26,46,54,0,15,41,0,0,21,0,14,12,188,17,0,22,28,13,23,20,42,45,28,20,31,33,0,12,18,0,13,0,38,24,0,21,32,23,0,18,17,28,11,0,26,66,73,14,41,24,42
"hsa_miR_320c",35,28,17,19,42,23,0,13,10,0,0,24,0,27,22,16,32,0,20,32,14,39,23,0,17,39,10,20,15,20,17,62,16,54,47,11,19,14,20,16,34,12,25,20,11,25,15,26,15,18,38,30,34,17,16,21,15,0,19,30,18,37,22,0,27,20,0,143,19,26,24,26,64,10,29,50,0,16,31,0,16,18,126,28,11,28,43,13,37,58,68,74,28,21,52,18,15,21,29,0,50,0,33,23,12,32,82,46,0,10,33,45,22,26,33,110,55,29,46,22,57
"hsa_miR_363_3p",36,36,18,0,0,11,0,19,23,0,60,18,10,79,0,15,0,51,16,0,63,101,30,0,19,41,37,0,99,0,0,102,100,39,0,0,14,0,21,30,44,0,16,0,12,39,16,16,21,30,10,40,48,0,30,11,77,12,22,20,16,34,34,17,10,29,21,261,11,42,33,72,97,17,0,19,36,0,62,11,26,0,98,0,0,17,46,13,12,30,54,218,28,22,15,42,11,17,76,11,20,0,38,14,10,28,52,20,19,61,30,157,25,22,21,86,73,12,21,28,27
"hsa_miR_423_5p",1030,673,621,502,384,366,220,351,550,260,869,373,505,1012,349,388,263,547,477,586,771,3602,1197,292,488,4155,862,299,691,389,228,3535,1093,2150,449,213,467,741,251,439,1371,243,476,1287,458,773,352,498,737,761,1269,425,692,583,418,443,476,305,485,659,456,575,815,454,561,1036,835,13171,432,1723,630,3199,1253,383,787,1094,453,335,1514,474,294,403,8907,383,469,609,520,476,892,1448,2059,3299,1256,754,838,879,316,712,913,182,289,133,533,260,322,1017,780,333,216,451,581,752,320,364,586,2126,4123,250,627,501,498
"hsa_miR_454_3p",19,58,30,15,15,0,14,33,24,0,41,0,16,113,10,15,0,39,23,18,69,144,37,0,23,41,33,0,81,17,11,204,95,14,0,0,0,26,10,27,47,0,28,21,13,57,25,18,13,21,13,14,43,17,13,16,37,13,22,31,25,17,40,13,12,0,0,162,10,64,20,83,66,12,13,12,40,0,69,0,18,14,142,16,28,16,47,10,18,0,89,136,10,25,15,18,19,26,87,0,18,0,56,17,13,20,20,0,17,29,51,104,33,30,18,62,142,13,26,20,15
"hsa_miR_483_5p",14,84,14,28,15,0,0,0,14,10,25,0,11,20,0,10,14,0,61,33,0,19,26,0,24,0,12,11,16,0,15,22,0,41,12,0,27,16,0,19,35,0,10,31,0,0,15,13,17,10,51,23,51,17,13,13,51,0,36,10,22,54,14,20,21,67,39,35,19,17,38,20,28,13,14,66,0,0,24,10,35,23,43,24,28,102,38,0,32,40,70,11,13,24,37,51,0,10,20,0,0,0,12,22,27,28,30,24,16,0,26,58,38,33,24,14,24,21,29,29,31
"hsa_miR_486_3p",294,415,202,175,61,43,27,95,178,12,156,63,63,332,17,29,19,61,89,104,248,836,202,64,98,267,173,30,187,106,62,1089,586,240,81,16,84,34,65,81,187,17,98,118,74,253,43,67,131,255,130,172,111,101,67,73,143,102,133,143,111,77,225,131,31,199,134,4588,93,341,83,642,552,60,41,87,388,33,292,61,43,75,1035,68,73,104,148,48,66,71,500,169,138,79,150,128,52,156,672,44,25,0,50,71,41,77,115,44,108,42,116,153,60,71,47,441,289,38,104,94,43
"hsa_miR_7_5p",38,24,28,26,14,0,10,24,17,0,15,23,17,56,0,13,17,27,17,20,61,108,41,17,16,41,29,0,68,12,12,83,88,36,17,11,0,0,13,23,58,0,35,42,22,67,19,14,20,34,31,15,25,15,23,32,55,0,17,22,12,19,209,12,0,21,12,443,31,61,27,84,67,18,15,24,35,10,67,0,12,10,290,24,27,24,30,15,27,14,142,117,26,29,27,26,21,51,78,0,22,0,51,0,0,16,55,0,14,36,86,87,30,25,36,83,126,24,38,17,43
"hsa_piR_000765",59,55,17,56,39,23,0,68,38,0,37,12,22,33,13,20,20,0,22,18,23,122,33,29,42,74,27,0,21,11,0,117,26,33,48,16,33,27,12,42,30,0,47,60,33,95,25,23,19,32,33,40,77,23,25,11,81,30,54,20,58,39,77,0,22,68,32,107,35,74,39,46,51,38,22,59,13,18,73,18,88,20,81,33,23,35,80,34,49,33,113,73,19,73,93,41,27,40,86,21,15,0,91,93,29,89,40,80,29,39,40,93,41,30,36,47,199,61,79,47,20
"hsa_piR_016659",62,67,53,48,24,19,10,58,62,27,144,28,52,108,35,48,16,44,41,46,81,639,34,26,30,80,51,36,77,26,28,1184,109,46,60,29,35,18,31,61,70,28,66,46,49,137,45,41,29,64,44,60,95,19,33,37,125,41,51,61,55,43,77,60,38,90,45,2497,55,294,57,83,139,44,33,63,95,33,133,12,33,43,637,42,31,67,84,44,58,29,64,121,31,52,100,84,32,76,192,49,18,0,83,29,37,81,95,24,30,60,47,104,78,38,30,107,417,28,43,63,19
"hsa_piR_016735",81,88,36,106,52,50,24,34,63,19,87,32,108,126,52,46,60,37,25,41,54,240,95,60,51,182,55,41,67,28,18,756,61,71,63,24,46,25,41,107,74,28,115,101,45,309,41,42,48,73,53,65,280,49,49,42,225,46,64,32,134,98,95,25,33,77,24,984,48,101,86,212,213,76,21,119,50,47,367,44,169,38,321,82,36,107,353,51,97,33,172,315,62,141,131,102,66,84,288,82,31,0,357,249,34,93,106,47,39,328,86,508,129,85,95,94,114,192,101,148,124
"hsa_piR_017716",36,16,0,23,15,0,0,103,13,0,22,0,0,10,12,0,0,0,13,0,0,41,25,0,16,72,13,11,13,0,0,36,13,12,53,0,0,15,0,10,17,0,28,29,11,50,14,0,15,12,12,23,35,0,17,0,18,17,17,0,22,19,32,16,11,21,10,103,18,56,0,26,28,0,0,57,11,0,94,18,48,0,38,17,0,28,40,55,18,19,54,59,21,16,27,22,10,16,27,10,0,0,34,156,0,19,30,19,0,36,26,72,28,13,25,21,110,33,29,23,30
"hsa_piR_019443",49,27,23,57,36,17,42,22,14,17,34,11,13,21,22,11,41,18,26,73,11,77,64,27,45,163,27,18,22,46,20,68,19,93,36,23,17,42,35,29,56,0,42,102,20,53,16,34,24,21,31,20,14,15,28,21,31,26,0,32,11,47,34,10,21,20,18,99,14,52,19,117,17,15,19,47,20,17,56,28,0,0,74,21,0,30,12,23,25,34,36,51,73,33,28,15,15,33,19,0,0,58,12,38,39,60,40,11,18,27,21,21,11,48,17,104,57,12,0,25,36
"hsa_piR_019675",16,17,0,51,0,11,11,45,22,46,23,77,24,28,25,25,22,22,12,27,22,21,17,10,41,15,30,18,38,19,18,32,17,26,30,12,0,48,44,24,12,24,38,0,69,29,24,20,23,14,12,16,18,13,26,17,67,33,35,16,22,33,15,15,0,16,11,22,39,12,18,29,39,15,29,30,23,0,29,0,34,35,13,32,24,18,79,31,12,12,22,57,77,45,34,68,195,38,26,0,15,12,42,40,33,24,33,10,14,41,128,172,64,36,69,25,47,54,45,29,69
"hsa_piR_020381",90,34,32,99,52,20,12,99,41,76,58,164,72,90,76,92,75,67,39,31,34,32,66,33,132,77,94,38,53,34,87,41,51,45,94,70,29,85,62,95,37,27,145,70,185,122,68,64,15,48,32,38,65,30,43,42,152,70,108,37,44,56,47,39,24,90,51,30,84,13,49,60,79,28,83,80,53,33,159,23,85,48,25,103,48,42,195,21,57,48,44,95,131,153,71,140,337,61,64,39,37,11,95,110,71,46,59,39,36,127,225,363,124,62,186,69,220,102,169,104,119
"hsa_piR_020485",103,33,29,41,28,33,10,680,38,33,23,45,28,46,47,40,42,39,13,16,45,38,43,43,47,55,28,34,77,14,71,43,51,33,49,189,35,11,4444,43,52,19,45,39,360,104,169,62,27,20,24,28,70,74,92,30,42,186,75,34,35,32,36,38,26,48,30,36,42,14,40,188,40,19,45,81,38,57,141,18,56,81,65,51,108,29,66,21,87,30,70,61,2276,105,96,402,96,120,43,28,26,22,236,48,39,67,42,52,25,72,49,130,60,857,241,47,178,63,233,42,292
"hsa_piR_022258",12,20,29,10,18,18,0,19,30,28,38,21,39,40,25,46,0,41,0,0,26,20,36,12,14,11,17,16,50,32,18,14,13,29,17,18,33,15,0,33,33,0,11,18,16,18,14,18,34,28,32,22,28,41,19,36,45,0,32,42,21,24,10,0,14,18,0,12,23,51,35,17,20,22,16,13,20,0,36,22,46,10,0,14,22,26,16,30,44,28,20,61,19,61,18,11,22,36,20,20,20,0,32,21,23,23,0,22,20,36,0,23,16,22,12,27,24,47,13,25,0
